18
1 1 11 106
2 1 3 149
3 2 3 95
4 2 8 153
5 2 11 184
6 3 10 165
7 4 5 234
8 4 7 56
9 4 12 186
10 5 9 148
11 5 11 181
12 6 9 76
13 6 11 145
14 7 11 177
15 7 12 131
16 8 10 219
17 8 12 241
18 1 6 108

66
1 1 2 27
4
1 1 5 
2 2 3 
3 18 13 5 
4 2 6 16 4 

2 1 3 14
3
1 2 
2 1 5 3 
3 18 13 5 3 

3 1 4 17
6
1 1 14 8 
2 1 11 7 
3 18 12 10 7 
4 18 13 14 8  
5 18 13 11 7
6 1 14 15 9

4 1 5 30
6
1 1 11 
2 18 12 10 
3 18 13 11 
4 1 13 12 10  
5 1 14 8 7
6 2 3 5 11

5 1 6 15
4
1 18 
2 1 13 
3 1 11 10 12 
4 2 3 5 13 

6 1 7 30
4
1 1 14 
2 18 13 14 
3 1 11 7 8 
4 2 3 5 14 

7 1 8 19
5
1 1 5 4 
2 2 3 4 
3 2 6 16 
4 18 13 5 4  
5 1 14 15 17

8 1 9 15
4
1 18 12 
2 1 13 12 
3 1 11 10 
4 18 13 11 10 

9 1 10 11
4
1 2 6 
2 1 5 3 6 
3 1 5 4 16 
4 2 3 4 16 

10 1 11 11
4
1 1 
2 18 13 
3 2 3 5 
4 18 12 10 11 

11 1 12 18
7
1 1 14 15 
2 18 13 14 15 
3 1 5 4 17 
4 1 14 8 9  
5 1 11 7 9
6 2 3 4 17
7 2 6 16 17

12 2 3 24
4
1 3 
2 5 1 2 
3 4 16 6 
4 5 13 18 2 

13 2 4 21
5
1 5 14 8 
2 5 11 7 
3 4 17 9 
4 5 14 15 9  
5 4 17 15 8

14 2 5 14
5
1 5 11 
2 5 13 12 10 
3 5 14 8 7 
4 3 2 1 11  
5 4 17 9 7

15 2 6 16
5
1 5 13 
2 5 1 18 
3 3 2 18 
4 5 11 10 12  
5 3 2 1 13

16 2 7 11
5
1 5 14 
2 4 17 15 
3 5 11 7 8 
4 3 2 1 14 
5 4 17 9 8

17 2 8 19
3
1 4 
2 3 6 16 
3 5 14 15 17 

18 2 9 12
4
1 5 13 12 
2 5 11 10 
3 5 1 18 12 
4 3 2 18 12 

19 2 10 26
3
1 3 6 
2 4 16 
3 5 1 2 6 

20 2 11 18
4
1 5 
2 3 2 1 
3 3 2 18 13 
4 4 17 15 14 

21 2 12 18
5
1 4 17 
2 5 14 15 
3 5 14 8 9 
4 5 11 7 9  
5 3 6 16 7

22 3 4 20
6
1 2 1 14 8 
2 2 1 11 7 
3 3 5 14 8 
4 3 5 11 7  
5 3 4 17 9
6 6 16 17 9

23 3 5 15
4
1 2 1 11 
2 3 5 11 
3 2 18 12 10 
4 2 18 13 11 

24 3 6 15
4
1 2 18 
2 2 1 13 
3 3 5 13 
4 3 5 1 18 

25 3 7 18
5
1 2 1 14 
2 3 5 14 
3 2 18 13 14 
4 3 4 17 15 
5 6 16 17 15 

26 3 8 23
3
1 3 4 
2 6 16 
3 2 1 5 4 

27 3 9 17
5
1 2 18 12 
2 2 1 13 12 
3 2 1 11 10 
4 3 5 13 12
5 3 5 11 10  

28 3 10 22
2
1 6 
2 3 4 16 

29 3 11 11
4
1 2 1 
2 3 5 
3 2 18 13 
4 6 16 4 5 

30 3 12 24
4
1 3 4 17 
2 6 16 17 
3 2 1 14 15 
4 3 5 14 15 

31 4 5 26
3
1 7 
2 8 14 11 
3 9 15 14 11 

32 4 6 13
6
1 8 14 13 
2 7 10 12 
3 7 11 13 
4 8 14 1 18 
5 7 11 1 8
6 9 15 14 13

33 4 7 23
3
1 8 
2 9 15 
3 7 11 14 

34 4 8 21
4
1 9 17 
2 8 15 17 
3 8 14 5 4 
4 7 11 5 4 

35 4 9 29
4
1 7 10 
2 8 14 13 12 
3 8 14 11 10 
4 7 11 13 12 

36 4 10 11
2
1 9 17 16 
2 8 15 17 16 

37 4 11 28
5
1 8 14 
2 7 11 
3 9 15 14 
4 7 10 12 13  
5 9 17 4 5

38 4 12 25
3
1 9 
2 8 15 
3 7 11 14 15 

39 5 6 13
4
1 10 12 
2 11 13 
3 11 1 18 
4 7 8 14 13 

40 5 7 12
4
1 11 14 
2 7 8 
3 7 9 15 
4 10 12 13 14 

41 5 8 10
4
1 11 5 4 
2 7 9 17 
3 11 14 15 17 
4 7 8 15 17 

42 5 9 25
3
1 10 
2 11 13 12 
3 11 1 18 12 

43 5 10 16
4
1 11 1 2 6 
2 11 5 3 6 
3 11 5 4 16 
4 7 9 17 16 

44 5 11 20
5
1 11 
2 10 12 13 
3 7 8 14 
4 10 12 18 1 
5 7 9 15 14

45 5 12 20
5
1 7 9 
2 11 14 15 
3 7 8 15 
4 11 5 4 17  
5 11 14 8 9

46 6 7 25
5
1 13 14 
2 18 1 14 
3 12 10 11 14 
4 12 10 7 8  
5 13 11 7 8

47 6 8 25
5
1 13 5 4 
2 18 1 5 4 
3 18 2 3 4 
4 18 2 6 16  
5 13 14 15 17

48 6 9 20
3
1 12 
2 13 11 10 
3 18 1 11 10 

49 6 10 22
4
1 18 2 6 
2 13 1 2 6 
3 13 5 3 6 
4 13 5 4 16 

50 6 11 29
4
1 13 
2 18 1 
3 12 10 11 
4 18 2 3 5 

51 6 12 24
6
1 13 14 15 
2 12 10 7 9 
3 18 1 14 15 
4 13 5 4 17  
5 13 14 8 9
6 13 11 7 9

52 7 8 17
3
1 15 17 
2 14 5 4 
3 8 9 17 

53 7 9 21
5
1 14 13 12 
2 14 11 10 
3 8 7 10 
4 14 1 18 12  
5 15 9 7 10

54 7 10 29
5
1 15 17 16 
2 14 1 2 6 
3 14 5 3 6 
4 14 5 4 16  
5 8 9 17 16

55 7 11 28
4
1 14 
2 8 7 11 
3 15 9 7 11 
4 15 17 4 5 

56 7 12 20
4
1 15 
2 8 9 
3 14 5 4 17 
4 14 11 7 9 

57 8 9 15
3
1 4 5 13 12 
2 4 5 11 10 
3 17 9 7 10 

58 8 10 13
2
1 16 
2 4 3 6 

59 8 11 23
7
1 4 5 
2 17 15 14 
3 4 3 2 1 
4 17 9 8 14
5 17 9 7 11
6 16 6 2 1
7 16 6 3 5

60 8 12 22
2
1 17 
2 4 5 14 15 

61 9 10 24
1
1 12 18 2 6 

62 9 11 19
4
1 12 13 
2 10 11 
3 12 18 1 
4 10 7 8 14 

63 9 12 27
4
1 10 7 9 
2 12 13 14 15 
3 10 11 14 15 
4 10 7 8 15 

64 10 11 21
5
1 6 2 1 
2 6 3 5 
3 16 4 5 
4 6 2 18 13  
5 16 17 15 14

65 10 12 17
2
1 16 17 
2 6 3 4 17 

66 11 12 23
5
1 14 15 
2 5 4 17 
3 14 8 9 
4 11 7 9  
5 11 7 8 15

